'POLYGON((1979.19 -1309.01,1920.73 -1249.01,1975.54 -1200.71,1715.83 -1062.15,1685.73 -1046.78,1583.76 -994.6900000000001,1561.25 -983.192,1490.98 -947.296,1474.08 -938.662,1397.81 -901.823,1358.88 -1536.68,1423.06 -1503.66,1534.3 -1616.96,1979.19 -1309.01))'
'POLYGON((-1239.42 -736.6559999999999,-1232.61 -108.261,-1924.44 32.3203,-2006.72 -499.799,-1247.03 -734.309,-1239.42 -736.6559999999999))'
'POLYGON((-1242.48 -1241.54,-1238.09 -737.068,-2006.72 -499.799,-2018.83 -574.28,-1849.64 -1360.31,-1242.48 -1241.54))'
'POLYGON((-655.764 -235.833,-1232.61 -108.261,-1238.08 -736.336,-665.92 -913.689,-655.764 -235.833))'
'POLYGON((-679.476 -1818.56,-665.92 -913.689,-1238.08 -736.336,-1242.5 -1243.57,-1097.43 -1216.72,-1064.88 -1324.51,-679.476 -1818.56))'
'POLYGON((2.97363 -380.707,-655.764 -235.833,-665.92 -913.689,15.0691 -1123.9,2.97363 -380.707))'
'POLYGON((28.4465 -1945.89,15.0691 -1123.9,-665.92 -913.689,-679.481 -1818.89,-386.47 -2194.44,28.4465 -1945.89))'
'POLYGON((695.462 -1333.93,15.0691 -1123.9,28.4465 -1945.89,404.365 -1720.48,598.343 -1927.91,676.782 -1887.33,695.462 -1333.93))'
'POLYGON((722.327 -538.05,668.515 -517.7910000000001,2.97363 -380.707,15.0691 -1123.9,695.462 -1333.93,722.327 -538.05))'
'POLYGON((1356.4 -1537.95,695.462 -1333.93,676.774 -1887.56,1356.4 -1537.95))'
'POLYGON((1358.88 -1536.68,1397.81 -901.823,1371.89 -889.3049999999999,1344.69 -876.168,1301.62 -854.255,1072.24 -729.8869999999999,1039.81 -712.066,724.904 -539.02,722.327 -538.05,695.462 -1333.93,1356.4 -1537.95,1358.88 -1536.68))'
'POLYGON((1278 648.917,731.705 1196.6,348.774 277.876,1002.58 -86.6427,1278 648.917))'
'POLYGON((1121.85 2132.63,1114.46 2143.24,1088.43 2180.65,1061.27 2167.57,1055.29 2166.67,1049.23 2169,1044.07 2173.94,1029.59 2166.64,677.793 1987.6,650.447 1973.68,634.2380000000001 1965.43,190.375 1739.31,731.705 1196.6,1121.85 2132.63))'
'POLYGON((387.217 1541.96,190.226 1739.45,132.408 1710.03,108.225 1697.37,-199.28 1541.17,-225.689 1527.74,-254.877 1512.92,-266.146 1507.18,-490.586 1392.96,-514.227 1380.71,-833.011 1218.57,-842.723 1213.63,-1097.33 1084.13,-319.417 650.4160000000001,387.217 1541.96))'
'POLYGON((-965.891 -165.229,-588.278 311.199,-557.0069999999999 350.653,-319.417 650.4160000000001,-1097.33 1084.13,-1164.9 1049,-1405.04 901.587,-1431 885.9109999999999,-1526.76 827.217,-1542.11 817.809,-1752.42 651.1180000000001,-1766.13 632.937,-1915.83 75.99639999999999,-1924.44 32.3203,-1873.71 24.0308,-1766.83 2.57819,-1689.55 -15.4398,-1635.86 -27.9599,-1575.23 -42.0952,-1513.95 -54.4251,-1359 -81.8673,-1323.23 -88.95699999999999,-965.891 -165.229))'
'POLYGON((348.774 277.876,-319.417 650.4160000000001,-965.891 -165.229,-812.481 -198.179,-740.552 -215.013,-542.592 -263.624,-473.914 -279.03,70.6476 -389.404,348.774 277.876))'
'POLYGON((731.705 1196.6,387.217 1541.96,-319.417 650.4160000000001,348.774 277.876,731.705 1196.6))'
'POLYGON((1121.75 2132.41,731.705 1196.6,1278 648.917,1584.58 1467.67,1121.75 2132.41))'
'POLYGON((1793.52 132.096,1802.07 249.847,1802.51 255.868,2010.54 855.566,1584.49 1467.45,1278 648.917,1793.52 132.096))'
'POLYGON((186.375 -413.357,213.08 -418.885,269.414 -430.545,357.253 -449.215,432.644 -465.772,459.04 -471.569,481.578 -476.534,535.09 -488.324,583.985 -499.096,626.42 -508.481,668.515 -517.7910000000001,724.904 -539.02,814.713 -588.371,1002.58 -86.6427,348.774 277.876,70.6476 -389.404,186.375 -413.357))'
'POLYGON((1793.52 132.096,1278 648.917,1002.58 -86.6427,1747.46 -501.936,1793.52 132.096))'